start=1334.208000
fullscreen=yes
panscan=0.100000
sid=2
