start=4312.060000
speed=1.771561
fullscreen=yes
