start=465.234000
speed=1.610510
fullscreen=yes
