start=70.987583
fullscreen=yes
panscan=0.100000
