start=1331.539000
fullscreen=yes
panscan=0.000000
sid=2
sub-delay=0.100000
sub-pos=106
