start=1352.351000
volume=106.000000
fullscreen=yes
