start=437.020000
speed=1.610510
fullscreen=yes
