start=471.360000
speed=1.610510
pause=yes
