start=2915.417000
fullscreen=yes
panscan=0.100000
sid=2
