start=1000.633000
speed=1.948717
fullscreen=yes
