start=351.467000
speed=1.464100
pause=yes
