start=7231.350000
fullscreen=yes
panscan=0.000000
