start=2453.333000
volume=108.000000
fullscreen=yes
sid=1
