start=204.940000
volume=96.000000
