start=832.548000
speed=1.948717
fullscreen=yes
