start=516.983000
speed=1.464100
fullscreen=yes
